Accuracy: 100%
Error: 0%

-2.93961,1.48309,2.06249