Accuracy: 88%
Error: 12%

-1.94614,1.91923,4.17328