Accuracy: 100%
Error: 0%

-2.51017,-0.130447,5.34289