Accuracy: 100%
Error: 0%

-0.897836,-2.20144,7.48173