Accuracy: 100%
Error: 0%

-1.89128,0.826561,1.5794