Accuracy: 100%
Error: 0%

-1.78977,1.79482,3.08686