Accuracy: 100%
Error: 0%

-2.73894,1.93456,1.79636