Accuracy: 100%
Error: 0%

-2.81548,-0.593003,6.01661