Accuracy: 100%
Error: 0%

-0.227806,-1.03921,3.33842